id,group_id,source,exact,prefix,suffix,anno_type,position_type,start,end,tags,all,origin_tags,comment,user,title,created
zuseMMWHEemMpj8idgnhQQ,3NabqAPM,https://europepmc.org/articles/PMC4109790/,T7,g the DIG RNA Labeling kit (SP6/,) (Roche). The RNA-binding react,TextQuoteSelector,TextPositionSelector,43868,43870,CRT_OG,no,CRT_OG,,acct:vaishnavijpai@hypothes.is,Functional significance of nuclear export and mRNA binding of meiotic regulator Spo5 in fission yeast.,2019-08-23T09:24:29.130278+00:00
zkbuJsWJEemls9MO3CLcRw,3NabqAPM,https://europepmc.org/articles/PMC4109790/,nmt81 ,d their nmt1 promoters with the ,promoter.MicroscopyAn Axioplan2 ,TextQuoteSelector,TextPositionSelector,42274,42280,MIS_GP,no,MIS_GP,,acct:vaishnavijpai@hypothes.is,Functional significance of nuclear export and mRNA binding of meiotic regulator Spo5 in fission yeast.,2019-08-23T09:38:47.094866+00:00
z0aYAsWAEemn6uPTwyPIHQ,3NabqAPM,https://europepmc.org/articles/PMC4109790/,ade6,an cut11-4mRFP-hph CFP-atb2-nat ,"-M216 leu1 ura4Figure 1AC, Figur",TextQuoteSelector,TextPositionSelector,37524,37528,MIS_GP,yes,[MIS_GP][ALL],,acct:vaishnavijpai@hypothes.is,Functional significance of nuclear export and mRNA binding of meiotic regulator Spo5 in fission yeast.,2019-08-23T08:34:23.315732+00:00
yjA7xMWGEemOmHf5r2cv7A,3NabqAPM,https://europepmc.org/articles/PMC4109790/,nmt1, we subsequently replaced their , promoters with the nmt81 promot,TextQuoteSelector,TextPositionSelector,42250,42254,CRT_GP,no,CRT_GP,,acct:vaishnavijpai@hypothes.is,Functional significance of nuclear export and mRNA binding of meiotic regulator Spo5 in fission yeast.,2019-08-23T09:17:11.596871+00:00
wuE0VsWJEemV2i9wJysZ8Q,3NabqAPM,https://europepmc.org/articles/PMC4109790/,mCherry,observed after 1 h (+LMB). Mei2-, served as a positive control si,TextQuoteSelector,TextPositionSelector,21854,21861,MIS_GP,yes,[MIS_GP][ALL],,acct:vaishnavijpai@hypothes.is,Functional significance of nuclear export and mRNA binding of meiotic regulator Spo5 in fission yeast.,2019-08-23T09:38:27.947419+00:00
w1U0csWAEemk7ydr3f8bjQ,3NabqAPM,https://europepmc.org/articles/PMC4109790/,ade6,imer with Atf1 and binds to the ,-M26 meiotic recombination hotsp,TextQuoteSelector,TextPositionSelector,28005,28009,CRT_GP,yes,[CRT_GP][ALL],,acct:vaishnavijpai@hypothes.is,Functional significance of nuclear export and mRNA binding of meiotic regulator Spo5 in fission yeast.,2019-08-23T08:34:03.244699+00:00
viXLaMWHEemhP_fAh-pfcA,3NabqAPM,https://europepmc.org/articles/PMC4109790/,ste9,"′ UTR of cdc13
+
, cdc25
+
 and ","
+
 mRNA might determine its sta",TextQuoteSelector,TextPositionSelector,32356,32360,CRT_GP,no,CRT_GP,,acct:vaishnavijpai@hypothes.is,Functional significance of nuclear export and mRNA binding of meiotic regulator Spo5 in fission yeast.,2019-08-23T09:24:01.075693+00:00
uV9s4sWCEemYq4O2TfhRVg,3NabqAPM,https://europepmc.org/articles/PMC4109790/,kan,"eFiguresNT4h
90
spo5(S365P)-GFP-"," ade6-M216 leu1 ura4Figure 1D, F",TextQuoteSelector,TextPositionSelector,36832,36835,WT_GP,yes,[WT_GP][ALL],,acct:vaishnavijpai@hypothes.is,Functional significance of nuclear export and mRNA binding of meiotic regulator Spo5 in fission yeast.,2019-08-23T08:48:05.350279+00:00
uU0OoMWAEemLcou42vzbCw,3NabqAPM,https://europepmc.org/articles/PMC4109790/,act1,"verse) CACTCTTTCTTTTTCTGGCGAAA, ","(forward) TGAGGAGCACCCTTGCTTGT, ",TextQuoteSelector,TextPositionSelector,45600,45604,CRT_GP,yes,[CRT_GP][ALL],,acct:vaishnavijpai@hypothes.is,Functional significance of nuclear export and mRNA binding of meiotic regulator Spo5 in fission yeast.,2019-08-23T08:33:46.481948+00:00
tn3mKMWJEemeHqP_V4_ORg,3NabqAPM,https://europepmc.org/articles/PMC4109790/,HA,P monoclonal antibody) and anti-," (Abcam; 16B12, HA monoclonal an",TextQuoteSelector,TextPositionSelector,45178,45180,MIS_GP,yes,[MIS_GP][ALL],,acct:vaishnavijpai@hypothes.is,Functional significance of nuclear export and mRNA binding of meiotic regulator Spo5 in fission yeast.,2019-08-23T09:38:07.166684+00:00
tAOT6sWHEemrmlvZ0pVPCA,3NabqAPM,https://europepmc.org/articles/PMC4109790/,SP6,using the DIG RNA Labeling kit (,/T7) (Roche). The RNA-binding re,TextQuoteSelector,TextPositionSelector,43864,43867,CRT_GP,no,CRT_GP,,acct:vaishnavijpai@hypothes.is,Functional significance of nuclear export and mRNA binding of meiotic regulator Spo5 in fission yeast.,2019-08-23T09:23:44.008242+00:00
rzFlZMWBEemVBbdlK8hVrw,3NabqAPM,https://europepmc.org/articles/PMC4109790/,defect,bute largely to the sporulation ,", enforced nuclear migration of ",TextQuoteSelector,TextPositionSelector,24695,24701,WT_DS,yes,[WT_DS][ALL],,acct:vaishnavijpai@hypothes.is,Functional significance of nuclear export and mRNA binding of meiotic regulator Spo5 in fission yeast.,2019-08-23T08:40:38.863387+00:00
rz6mgMWAEemD1380tRmQyw,3NabqAPM,https://europepmc.org/articles/PMC4109790/,aas, (RRMs) in the C-terminal part (," 192–567), and regulates the pro",TextQuoteSelector,TextPositionSelector,13009,13012,WT_GP,yes,[WT_GP][ALL],,acct:vaishnavijpai@hypothes.is,Functional significance of nuclear export and mRNA binding of meiotic regulator Spo5 in fission yeast.,2019-08-23T08:33:29.625483+00:00
ri6luMWCEemZhq8UdTGBLg,3NabqAPM,https://europepmc.org/articles/PMC4109790/,humans, from the budding yeast [23] to , [24]. The fission yeast rae1-16,TextQuoteSelector,TextPositionSelector,19719,19725,CRT_OG,no,CRT_OG,,acct:vaishnavijpai@hypothes.is,Functional significance of nuclear export and mRNA binding of meiotic regulator Spo5 in fission yeast.,2019-08-23T08:47:46.727113+00:00
pjm98sWHEem6Zece8hj5vw,3NabqAPM,https://europepmc.org/articles/PMC4109790/,Schizosaccharomyces pombe,been shown in the fission yeast ,[5-8] and the budding yeast Sacc,TextQuoteSelector,TextPositionSelector,11590,11615,CRT_OG,no,CRT_OG,,acct:vaishnavijpai@hypothes.is,Functional significance of nuclear export and mRNA binding of meiotic regulator Spo5 in fission yeast.,2019-08-23T09:23:20.885516+00:00
o72AuMWCEemn7vsdD0ws8w,3NabqAPM,https://europepmc.org/articles/PMC4109790/,hph,"03h
90
spo5-GFP-kan cut11-4mRFP-", CFP-atb2-nat ade6-M216 leu1 ura,TextQuoteSelector,TextPositionSelector,37507,37510,MIS_GP,yes,[MIS_GP][ALL],,acct:vaishnavijpai@hypothes.is,Functional significance of nuclear export and mRNA binding of meiotic regulator Spo5 in fission yeast.,2019-08-23T08:47:29.243567+00:00
niBDdsWBEemC2kuupUZwlA,3NabqAPM,https://europepmc.org/articles/PMC4109790/,cyclin,o maintain proper expression of , Cdc13 [21].To test the possibil,TextQuoteSelector,TextPositionSelector,30611,30617,CRT_GP,no,CRT_GP,,acct:vaishnavijpai@hypothes.is,Functional significance of nuclear export and mRNA binding of meiotic regulator Spo5 in fission yeast.,2019-08-23T08:40:10.412710+00:00
nIJuYsWHEemVHUdUqmpX_Q,3NabqAPM,https://europepmc.org/articles/PMC4109790/,Saccharomyces cerevisiae,ombe[5-8] and the budding yeast ,"[1,9-12] that a number of transc",TextQuoteSelector,TextPositionSelector,11643,11667,CRT_OG,no,CRT_OG,,acct:vaishnavijpai@hypothes.is,Functional significance of nuclear export and mRNA binding of meiotic regulator Spo5 in fission yeast.,2019-08-23T09:23:04.532603+00:00
nDVV8sWAEemIkvcaDVbghw,3NabqAPM,https://europepmc.org/articles/PMC4109790/,GFP,"re 2ENT1922h
90
spo5(RRM1 )+NES-", ade6-M216 leu1 ura4Figure 3ENT1,TextQuoteSelector,TextPositionSelector,40017,40020,MIS_GP,yes,[MIS_GP][ALL],,acct:vaishnavijpai@hypothes.is,Functional significance of nuclear export and mRNA binding of meiotic regulator Spo5 in fission yeast.,2019-08-23T08:32:57.690510+00:00
nBiTFsWCEemU5qMsL1JL_w,3NabqAPM,https://europepmc.org/articles/PMC4109790/,hph,"0h
90
spo5-GFP-kan mei2-mCherry-"," ade6-M216 leu1Figure 2DNT184h
9",TextQuoteSelector,TextPositionSelector,37050,37053,CRT_GP,yes,[CRT_GP][ALL],,acct:vaishnavijpai@hypothes.is,Functional significance of nuclear export and mRNA binding of meiotic regulator Spo5 in fission yeast.,2019-08-23T08:47:16.411919+00:00
liOZ9MWJEemMtueWT9aMWw,3NabqAPM,https://europepmc.org/articles/PMC4109790/,Ran,6] in the localization of Spo5. , GTPase is known as the major or,TextQuoteSelector,TextPositionSelector,22204,22207,MIS_GP,yes,[MIS_GP][ALL],,acct:vaishnavijpai@hypothes.is,Functional significance of nuclear export and mRNA binding of meiotic regulator Spo5 in fission yeast.,2019-08-23T09:37:12.897504+00:00
kcw9zMWHEem2sBsmJfopew,3NabqAPM,https://europepmc.org/articles/PMC4109790/,S3B,ment (Additional file 3: Figure ,", C). Therefore, we screened for",TextQuoteSelector,TextPositionSelector,27371,27374,WT_GP,yes,[WT_GP][ALL],,acct:vaishnavijpai@hypothes.is,Functional significance of nuclear export and mRNA binding of meiotic regulator Spo5 in fission yeast.,2019-08-23T09:22:46.510723+00:00
jjXjDMWCEemlwe9ji4PMSg,3NabqAPM,https://europepmc.org/articles/PMC4109790/,α-tubulin,ted with both anti-GFP and anti-, (lane 1).Click here for file(2.,TextQuoteSelector,TextPositionSelector,46896,46905,CRT_GP,yes,[CRT_GP][ALL],,acct:vaishnavijpai@hypothes.is,Functional significance of nuclear export and mRNA binding of meiotic regulator Spo5 in fission yeast.,2019-08-23T08:46:53.187150+00:00
j2sB4sWJEemYwjeDPVg8Qw,3NabqAPM,https://europepmc.org/articles/PMC4109790/,GTPase ,n the localization of Spo5. Ran ,is known as the major organizer ,TextQuoteSelector,TextPositionSelector,22208,22215,MIS_GP,no,MIS_GP,,acct:vaishnavijpai@hypothes.is,Functional significance of nuclear export and mRNA binding of meiotic regulator Spo5 in fission yeast.,2019-08-23T09:37:01.507841+00:00
gKgrtMWCEemK-MOM7VNT4g,3NabqAPM,https://europepmc.org/articles/PMC4109790/,Yeast,NA and other mRNAs.Go to:Methods, strains and genetic manipulatio,TextQuoteSelector,TextPositionSelector,35251,35256,CRT_OG,yes,[CRT_OG][ALL],,acct:vaishnavijpai@hypothes.is,Functional significance of nuclear export and mRNA binding of meiotic regulator Spo5 in fission yeast.,2019-08-23T08:46:30.454996+00:00
fzRpxMWBEemOhzM40Rs_sw,3NabqAPM,https://europepmc.org/articles/PMC4109790/,cyclin B,"ng that cdc13
+
 mRNA, encoding ",", can do so [21]. Because Spo5 i",TextQuoteSelector,TextPositionSelector,13354,13362,WS_GP,no,WS_GP,,acct:vaishnavijpai@hypothes.is,Functional significance of nuclear export and mRNA binding of meiotic regulator Spo5 in fission yeast.,2019-08-23T08:39:18.428296+00:00
fXxGlMWJEemOKYcEXrE7Nw,3NabqAPM,https://europepmc.org/articles/PMC4109790/,glutathione S-transferase," (Spo5C, aas 192–567), fused to "," (GST) (GST-Spo5C), associated w",TextQuoteSelector,TextPositionSelector,30975,31000,MIS_GP,no,MIS_GP,,acct:vaishnavijpai@hypothes.is,Functional significance of nuclear export and mRNA binding of meiotic regulator Spo5 in fission yeast.,2019-08-23T09:36:31.604072+00:00
d38w4MWDEemVC6tMeqGdIw,3NabqAPM,https://europepmc.org/articles/PMC4109790/,NES,suppressed by the fusion of the ," sequence. Scale bar, 5 μm. (E) ",TextQuoteSelector,TextPositionSelector,25745,25748,WT_GP,yes,[WT_GP][ALL],,acct:vaishnavijpai@hypothes.is,Functional significance of nuclear export and mRNA binding of meiotic regulator Spo5 in fission yeast.,2019-08-23T08:53:24.471661+00:00
cvcepMWBEem_Iod8B4bJoA,3NabqAPM,https://europepmc.org/articles/PMC4109790/,cut11,"90
spo5(S365P)-GFP-kan rae1-167 ",-4mRFP-hph ade6-M216 leu1 ura4Ad,TextQuoteSelector,TextPositionSelector,39849,39854,MIS_GP,yes,[MIS_GP][ALL],,acct:vaishnavijpai@hypothes.is,Functional significance of nuclear export and mRNA binding of meiotic regulator Spo5 in fission yeast.,2019-08-23T08:38:57.773165+00:00
cL5QqsWJEemOKON_QtjAOw,3NabqAPM,https://europepmc.org/articles/PMC4109790/,antibody,Immunoprecipitation by anti-GFP ," indicated that pcr1
+
 mRNA for",TextQuoteSelector,TextPositionSelector,31279,31287,MIS_GP,yes,[MIS_GP][ALL],,acct:vaishnavijpai@hypothes.is,Functional significance of nuclear export and mRNA binding of meiotic regulator Spo5 in fission yeast.,2019-08-23T09:36:10.191823+00:00
bmS1KMWAEemC18_OvC_5nA,3NabqAPM,https://europepmc.org/articles/PMC4109790/,GFP,used green fluorescent protein (,) (Figure 1A). We confirmed that,TextQuoteSelector,TextPositionSelector,15023,15026,CRT_GP,yes,[CRT_GP][ALL],,acct:vaishnavijpai@hypothes.is,Functional significance of nuclear export and mRNA binding of meiotic regulator Spo5 in fission yeast.,2019-08-23T08:31:40.712203+00:00
auHDRsWKEemqNOttgLWZWw,3NabqAPM,https://europepmc.org/articles/PMC4109790/,polymerase, anti-HA. Reverse transcription-, chain reaction (RT-PCR) assay u,TextQuoteSelector,TextPositionSelector,33420,33430,MIS_GP,no,MIS_GP,,acct:vaishnavijpai@hypothes.is,Functional significance of nuclear export and mRNA binding of meiotic regulator Spo5 in fission yeast.,2019-08-23T09:43:09.760402+00:00
_EPgesWGEemVz1-sJsm7Gw,3NabqAPM,https://europepmc.org/articles/PMC4109790/,pcr1,ional regulation. We identified ,"
+
 mRNA as one of the critical ",TextQuoteSelector,TextPositionSelector,10585,10589,CRT_GP,yes,[CRT_GP][ALL],,acct:vaishnavijpai@hypothes.is,Functional significance of nuclear export and mRNA binding of meiotic regulator Spo5 in fission yeast.,2019-08-23T09:18:35.694324+00:00
_5Qa7MWBEemYKpNwIzzKQQ,3NabqAPM,https://europepmc.org/articles/PMC4109790/,Taq,"ations to the product, using Ex ", DNA polymerase (Takara Bio; Jap,TextQuoteSelector,TextPositionSelector,40925,40928,MIS_OG,no,MIS_OG,,acct:vaishnavijpai@hypothes.is,Functional significance of nuclear export and mRNA binding of meiotic regulator Spo5 in fission yeast.,2019-08-23T08:42:53.755673+00:00
ZTwNWMWJEemYSVtv0gBChw,3NabqAPM,https://europepmc.org/articles/PMC4109790/,activating transcription factor,"o5. The pcr1
+
 gene encodes an ",/cAMP response element binding (,TextQuoteSelector,TextPositionSelector,10666,10697,MIS_GP,no,MIS_GP,,acct:vaishnavijpai@hypothes.is,Functional significance of nuclear export and mRNA binding of meiotic regulator Spo5 in fission yeast.,2019-08-23T09:35:50.929511+00:00
ZH2ZbsWDEemR2FPBlADAwQ,3NabqAPM,https://europepmc.org/articles/PMC4109790/,nat,FP-kan cut11-4mRFP-hph CFP-atb2-," ade6-M216 leu1 ura4Figure 1AC, ",TextQuoteSelector,TextPositionSelector,37520,37523,MIS_GP,yes,[MIS_GP][ALL],,acct:vaishnavijpai@hypothes.is,Functional significance of nuclear export and mRNA binding of meiotic regulator Spo5 in fission yeast.,2019-08-23T08:52:52.641154+00:00
Xky2dsWBEemVvpMMi14n4w,3NabqAPM,https://europepmc.org/articles/PMC4109790/,Cut11,ing the nuclear envelope marker ,-4mRFP (red). Numbers on the rig,TextQuoteSelector,TextPositionSelector,16569,16574,CRT_GP,yes,[CRT_GP][ALL],,acct:vaishnavijpai@hypothes.is,Functional significance of nuclear export and mRNA binding of meiotic regulator Spo5 in fission yeast.,2019-08-23T08:38:23.176110+00:00
XdYcssWDEemW6X88MbBegA,3NabqAPM,https://europepmc.org/articles/PMC4109790/,nat,FP-kan cut11-4mRFP-hph CFP-atb2-, ade6-M216 leu1 ura4Figure 1CNT2,TextQuoteSelector,TextPositionSelector,37233,37236,CRT_GP,no,CRT_GP,,acct:vaishnavijpai@hypothes.is,Functional significance of nuclear export and mRNA binding of meiotic regulator Spo5 in fission yeast.,2019-08-23T08:52:41.422769+00:00
WmlazsWAEem4K4_C-aYhRg,3NabqAPM,https://europepmc.org/articles/PMC4109790/,Fission yeast,n for future research.Keywords: ,", Meiosis, RNA export, RNA-bindi",TextQuoteSelector,TextPositionSelector,11290,11303,MIS_OG,no,MIS_OG,,acct:vaishnavijpai@hypothes.is,Functional significance of nuclear export and mRNA binding of meiotic regulator Spo5 in fission yeast.,2019-08-23T08:31:07.279939+00:00
WRro6MWHEem4g5Nb4pXkQg,3NabqAPM,https://europepmc.org/articles/PMC4109790/,S3A,ture (Additional file 3: Figure ,"), although it was produced in a",TextQuoteSelector,TextPositionSelector,26957,26960,WT_GP,yes,[WT_GP][ALL],,acct:vaishnavijpai@hypothes.is,Functional significance of nuclear export and mRNA binding of meiotic regulator Spo5 in fission yeast.,2019-08-23T09:21:11.592862+00:00
WJVXPMWCEemrf2PIOfqU9w,3NabqAPM,https://europepmc.org/articles/PMC4109790/, S. pombe,ins and genetic manipulationsThe, strains used in this study are ,TextQuoteSelector,TextPositionSelector,35293,35302,CRT_OG,yes,[CRT_OG][ALL],,acct:vaishnavijpai@hypothes.is,Functional significance of nuclear export and mRNA binding of meiotic regulator Spo5 in fission yeast.,2019-08-23T08:45:22.981904+00:00
Titt4MWCEem-Ytv_V0wrmw,3NabqAPM,https://europepmc.org/articles/PMC4109790/,SV40,zation signal (NLS; PKKKRKV) of , large T antigen and the leucine,TextQuoteSelector,TextPositionSelector,35636,35640,CRT_OG,yes,[CRT_OG][ALL],,acct:vaishnavijpai@hypothes.is,Functional significance of nuclear export and mRNA binding of meiotic regulator Spo5 in fission yeast.,2019-08-23T08:45:05.750223+00:00
ThMjesWHEemqkQu2xnDuLQ,3NabqAPM,https://europepmc.org/articles/PMC4109790/,RRM2,"NA-recognition motifs, RRM1 and ",", respectively. Scale bar, 5 μm.",TextQuoteSelector,TextPositionSelector,16789,16793,CRT_GP,yes,[CRT_GP][ALL],,acct:vaishnavijpai@hypothes.is,Functional significance of nuclear export and mRNA binding of meiotic regulator Spo5 in fission yeast.,2019-08-23T09:20:53.010712+00:00
T_a97MWBEemCyCdz3LxD7w,3NabqAPM,https://europepmc.org/articles/PMC4109790/,exportin," B (LMB), a potent inhibitor of ","/Crm1 [28], Spo5–GFP remained in",TextQuoteSelector,TextPositionSelector,22415,22423,MIS_GP,yes,[MIS_GP][ALL],,acct:vaishnavijpai@hypothes.is,Functional significance of nuclear export and mRNA binding of meiotic regulator Spo5 in fission yeast.,2019-08-23T08:37:59.284174+00:00
SCTWkMWKEemhTcuD_fj_Aw,3NabqAPM,https://europepmc.org/articles/PMC4109790/,importin,known as the major organizer of ,/exportin-mediated nucleocytopla,TextQuoteSelector,TextPositionSelector,22250,22258,MIS_GP,no,MIS_GP,,acct:vaishnavijpai@hypothes.is,Functional significance of nuclear export and mRNA binding of meiotic regulator Spo5 in fission yeast.,2019-08-23T09:42:11.613202+00:00
S4l-gsWDEemukP-nO_ezdg,3NabqAPM,https://europepmc.org/articles/PMC4109790/,mRNA export factor,machinery using a mutant of the ,", Rae1. The Rae1-dependent pathw",TextQuoteSelector,TextPositionSelector,19622,19640,CRT_GP,yes,[CRT_GP][ALL],,acct:vaishnavijpai@hypothes.is,Functional significance of nuclear export and mRNA binding of meiotic regulator Spo5 in fission yeast.,2019-08-23T08:52:10.844203+00:00
RxibSsWHEemC17N1id561w,3NabqAPM,https://europepmc.org/articles/PMC4109790/,RRM1,"ict two RNA-recognition motifs, "," and RRM2, respectively. Scale b",TextQuoteSelector,TextPositionSelector,16780,16784,CRT_GP,yes,[CRT_GP][ALL],,acct:vaishnavijpai@hypothes.is,Functional significance of nuclear export and mRNA binding of meiotic regulator Spo5 in fission yeast.,2019-08-23T09:20:41.389167+00:00
RsJD0sWAEemk7pdGqJkupw,3NabqAPM,https://europepmc.org/articles/PMC4109790/,fission yeast, meiosis and spore formation in ,". However, the mechanisms underl",TextQuoteSelector,TextPositionSelector,9353,9366,CRT_OG,yes,[CRT_OG][ALL],,acct:vaishnavijpai@hypothes.is,Functional significance of nuclear export and mRNA binding of meiotic regulator Spo5 in fission yeast.,2019-08-23T08:30:34.213052+00:00
RHD7pMWBEem6WP9GO0iKyQ,3NabqAPM,https://europepmc.org/articles/PMC4109790/,Crm1, a potent inhibitor of exportin/," [28], Spo5–GFP remained in the ",TextQuoteSelector,TextPositionSelector,22424,22428,CRT_GP,yes,[CRT_GP][ALL],,acct:vaishnavijpai@hypothes.is,Functional significance of nuclear export and mRNA binding of meiotic regulator Spo5 in fission yeast.,2019-08-23T08:37:39.831953+00:00
QXrFKMWCEemC2x8jb3G0AA,3NabqAPM,https://europepmc.org/articles/PMC4109790/,HIV-1,ort signal (NES; ILPPLERLTL) of ," Rev were used, respectively [42",TextQuoteSelector,TextPositionSelector,35721,35726,CRT_OG,no,CRT_OG,,acct:vaishnavijpai@hypothes.is,Functional significance of nuclear export and mRNA binding of meiotic regulator Spo5 in fission yeast.,2019-08-23T08:44:44.472031+00:00
QMrT7MWDEemhK1_mAwdpyw,3NabqAPM,https://europepmc.org/articles/PMC4109790/,Mei2, and observed after 1 h (+LMB). ,-mCherry served as a positive co,TextQuoteSelector,TextPositionSelector,21849,21853,CRT_GP,yes,[CRT_GP][ALL],,acct:vaishnavijpai@hypothes.is,Functional significance of nuclear export and mRNA binding of meiotic regulator Spo5 in fission yeast.,2019-08-23T08:51:52.801986+00:00
Os08NMWBEem-X1PtIVwH7w,3NabqAPM,https://europepmc.org/articles/PMC4109790/,CFP,"90
spo5-GFP-kan cut11-4mRFP-hph ",-atb2-nat ade6-M216 leu1 ura4Fig,TextQuoteSelector,TextPositionSelector,37511,37514,MIS_GP,yes,[MIS_GP][ALL],,acct:vaishnavijpai@hypothes.is,Functional significance of nuclear export and mRNA binding of meiotic regulator Spo5 in fission yeast.,2019-08-23T08:37:23.681298+00:00
OSn3VMWHEemVHAfYv4HPZQ,3NabqAPM,https://europepmc.org/articles/PMC4109790/,RNase ,"thiothreitol, 10% glycerol, and ",Inhibitor (Roche). RNA with the ,TextQuoteSelector,TextPositionSelector,44322,44328,CRT_GP,no,CRT_GP,,acct:vaishnavijpai@hypothes.is,Functional significance of nuclear export and mRNA binding of meiotic regulator Spo5 in fission yeast.,2019-08-23T09:20:17.873005+00:00
O-1BUMWAEemLcYPRdPdhjg,3NabqAPM,https://europepmc.org/articles/PMC4109790/,spo5,y understood. The fission yeast ,"
+
 gene encodes a meiosis-speci",TextQuoteSelector,TextPositionSelector,9494,9498,CRT_GP,yes,[CRT_GP][ALL],,acct:vaishnavijpai@hypothes.is,Functional significance of nuclear export and mRNA binding of meiotic regulator Spo5 in fission yeast.,2019-08-23T08:30:16.116231+00:00
N5HE2sWCEemCY0Nbvht9HA,3NabqAPM,https://europepmc.org/articles/PMC4109790/,GST,d to glutathione S-transferase (,") (GST-Spo5C), associated with t",TextQuoteSelector,TextPositionSelector,31002,31005,CRT_GP,yes,[CRT_GP][ALL],,acct:vaishnavijpai@hypothes.is,Functional significance of nuclear export and mRNA binding of meiotic regulator Spo5 in fission yeast.,2019-08-23T08:44:27.809062+00:00
N1QoIMWKEemqMp-wg-DRsg,3NabqAPM,https://europepmc.org/articles/PMC4109790/,transcription factor,onse element binding (ATF/CREB) , family. Among the four family m,TextQuoteSelector,TextPositionSelector,10739,10759,MIS_GP,yes,[MIS_GP][ALL],,acct:vaishnavijpai@hypothes.is,Functional significance of nuclear export and mRNA binding of meiotic regulator Spo5 in fission yeast.,2019-08-23T09:41:43.337935+00:00
Md6YEsWAEem6UhNofi237Q,3NabqAPM,https://europepmc.org/articles/PMC4109790/,Spo5,"er, the target RNA molecules of ", are yet to be identified. Chara,TextQuoteSelector,TextPositionSelector,9665,9669,MIS_GP,yes,[MIS_GP][ALL],,acct:vaishnavijpai@hypothes.is,Functional significance of nuclear export and mRNA binding of meiotic regulator Spo5 in fission yeast.,2019-08-23T08:29:59.162025+00:00
M9NfdsWBEemqelfpgEJpvg,3NabqAPM,https://europepmc.org/articles/PMC4109790/,CFP,(S365P)-GFP-kan cut11-4mRFP-hph ,-atb2-nat ade6-M216 leu1 ura4Fig,TextQuoteSelector,TextPositionSelector,37224,37227,CRT_GP,yes,[CRT_GP][ALL],,acct:vaishnavijpai@hypothes.is,Functional significance of nuclear export and mRNA binding of meiotic regulator Spo5 in fission yeast.,2019-08-23T08:37:11.976314+00:00
M6ychsWDEemK_TN47YVsOQ,3NabqAPM,https://europepmc.org/articles/PMC4109790/, leu1,4mRFP-hph CFP-atb2-nat ade6-M216," ura4Figure 1CNT1632h
90
spo5::u",TextQuoteSelector,TextPositionSelector,38998,39003,MIS_GP,yes,[MIS_GP][ALL],,acct:vaishnavijpai@hypothes.is,Functional significance of nuclear export and mRNA binding of meiotic regulator Spo5 in fission yeast.,2019-08-23T08:51:30.789984+00:00
LqjIFMWHEemfeX_cGG21kg,3NabqAPM,https://europepmc.org/articles/PMC4109790/,RNA-binding protein,"ion yeast, Meiosis, RNA export, ",", ATF/CREB familyGo to:Backgroun",TextQuoteSelector,TextPositionSelector,11326,11345,MIS_GP,no,MIS_GP,,acct:vaishnavijpai@hypothes.is,Functional significance of nuclear export and mRNA binding of meiotic regulator Spo5 in fission yeast.,2019-08-23T09:20:00.298528+00:00
LcMS9sWCEemW54sP15Ndhg,3NabqAPM,https://europepmc.org/articles/PMC4109790/,green fluorescent protein,he fluorescent signals of fused , (GFP) (Figure 1A). We confirmed,TextQuoteSelector,TextPositionSelector,14996,15021,CRT_GP,no,CRT_GP,,acct:vaishnavijpai@hypothes.is,Functional significance of nuclear export and mRNA binding of meiotic regulator Spo5 in fission yeast.,2019-08-23T08:44:11.292316+00:00
KvQLpMWKEemmtT_ptQtWfQ,3NabqAPM,https://europepmc.org/articles/PMC4109790/,transcription factors,have indicated that a number of , modulate the transcriptome in s,TextQuoteSelector,TextPositionSelector,9246,9267,MIS_GP,yes,[MIS_GP][ALL],,acct:vaishnavijpai@hypothes.is,Functional significance of nuclear export and mRNA binding of meiotic regulator Spo5 in fission yeast.,2019-08-23T09:41:22.540221+00:00
KkOIbsWBEemluyM3ztWS3g,3NabqAPM,https://europepmc.org/articles/PMC4109790/, cdc25," that a long 3′ UTR of cdc13
+
,","
+
 and ste9
+
 mRNA might deter",TextQuoteSelector,TextPositionSelector,32342,32348,CRT_GP,no,CRT_GP,,acct:vaishnavijpai@hypothes.is,Functional significance of nuclear export and mRNA binding of meiotic regulator Spo5 in fission yeast.,2019-08-23T08:36:56.012456+00:00
JFH38MWHEemlBbclzqaMtQ,3NabqAPM,https://europepmc.org/articles/PMC4109790/,RNA-binding proteins,cterization of meiosis-specific , will provide insight into how p,TextQuoteSelector,TextPositionSelector,9733,9753,CRT_GP,yes,[CRT_GP][ALL],,acct:vaishnavijpai@hypothes.is,Functional significance of nuclear export and mRNA binding of meiotic regulator Spo5 in fission yeast.,2019-08-23T09:19:42.848650+00:00
IsdUZsWCEemx8xMEylocyQ,3NabqAPM,https://europepmc.org/articles/PMC4109790/,Escherichia coli,mperature with 10 μg of carrier , tRNA for 25 min. Labeled RNA wa,TextQuoteSelector,TextPositionSelector,44480,44496,CRT_OG,no,CRT_OG,,acct:vaishnavijpai@hypothes.is,Functional significance of nuclear export and mRNA binding of meiotic regulator Spo5 in fission yeast.,2019-08-23T08:43:52.888580+00:00
Ii_1aMWBEemk8WcEnCt0qw,3NabqAPM,https://europepmc.org/articles/PMC4109790/,"cdc13
",ept for our recent finding that ,"+
 mRNA, encoding cyclin B, can ",TextQuoteSelector,TextPositionSelector,13330,13336,CRT_GP,yes,[CRT_GP][ALL],,acct:vaishnavijpai@hypothes.is,Functional significance of nuclear export and mRNA binding of meiotic regulator Spo5 in fission yeast.,2019-08-23T08:36:42.393337+00:00
IF0k3MWKEemYT6PyLFrP3g,3NabqAPM,https://europepmc.org/articles/PMC4109790/,Tadh1,coding region of spo5+ with GFP–,–kan genes flanked by 500-bp up-,TextQuoteSelector,TextPositionSelector,40706,40711,MIS_GP,no,MIS_GP,,acct:vaishnavijpai@hypothes.is,Functional significance of nuclear export and mRNA binding of meiotic regulator Spo5 in fission yeast.,2019-08-23T09:41:04.875964+00:00
I6hAGsWDEemmm9cCrc9txA,3NabqAPM,https://europepmc.org/articles/PMC4109790/,leu1,integrated into the chromosomal ," locus, whereas the mutant allel",TextQuoteSelector,TextPositionSelector,18593,18597,CRT_GP,yes,[CRT_GP][ALL],,acct:vaishnavijpai@hypothes.is,Functional significance of nuclear export and mRNA binding of meiotic regulator Spo5 in fission yeast.,2019-08-23T08:51:03.686024+00:00
HlayoMWHEem_MZ_U0u1_8A,3NabqAPM,https://europepmc.org/articles/PMC4109790/,RNA-binding protein,gene encodes a meiosis-specific ,", which is required for the prog",TextQuoteSelector,TextPositionSelector,9534,9553,CRT_GP,yes,[CRT_GP][ALL],,acct:vaishnavijpai@hypothes.is,Functional significance of nuclear export and mRNA binding of meiotic regulator Spo5 in fission yeast.,2019-08-23T09:19:32.800888+00:00
FscnxsWDEemk-btSMaNy4A,3NabqAPM,https://europepmc.org/articles/PMC4109790/, lectin ,ami Glass; Japan) precoated with,and filled with MM–N liquid medi,TextQuoteSelector,TextPositionSelector,42960,42968,CRT_GP,no,CRT_GP,,acct:vaishnavijpai@hypothes.is,Functional significance of nuclear export and mRNA binding of meiotic regulator Spo5 in fission yeast.,2019-08-23T08:50:42.224181+00:00
FqJX9MWBEemMj993Vm1VTw,3NabqAPM,https://europepmc.org/articles/PMC4109790/, Atf31,"s, namely Pcr1, Atf1, Atf21, and",", only the mRNA encoding Pcr1 bi",TextQuoteSelector,TextPositionSelector,10828,10834,CRT_GP,yes,[CRT_GP][ALL],,acct:vaishnavijpai@hypothes.is,Functional significance of nuclear export and mRNA binding of meiotic regulator Spo5 in fission yeast.,2019-08-23T08:36:23.002333+00:00
Fd93HMWKEemhTNuP49tMmQ,3NabqAPM,https://europepmc.org/articles/PMC4109790/,Tadh,"FP–kan strain, in which the GFP–",-kan fragment was inserted at th,TextQuoteSelector,TextPositionSelector,40510,40514,MIS_GP,no,MIS_GP,,acct:vaishnavijpai@hypothes.is,Functional significance of nuclear export and mRNA binding of meiotic regulator Spo5 in fission yeast.,2019-08-23T09:40:47.269263+00:00
EyYl3MWCEemqDJseRN4j0g,3NabqAPM,https://europepmc.org/articles/PMC4109790/,eukaryotes,more universal phenomenon among , than previously anticipated.Nuc,TextQuoteSelector,TextPositionSelector,23482,23492,CRT_OG,yes,[CRT_OG][ALL],,acct:vaishnavijpai@hypothes.is,Functional significance of nuclear export and mRNA binding of meiotic regulator Spo5 in fission yeast.,2019-08-23T08:43:26.614894+00:00
EdhBksWHEem_MGejEhGeLQ,3NabqAPM,https://europepmc.org/articles/PMC4109790/,Rae1,ucleus to the cytoplasm via the ,"-dependent mRNA export pathway, ",TextQuoteSelector,TextPositionSelector,10329,10333,CRT_GP,yes,[CRT_GP][ALL],,acct:vaishnavijpai@hypothes.is,Functional significance of nuclear export and mRNA binding of meiotic regulator Spo5 in fission yeast.,2019-08-23T09:19:11.912902+00:00
DnDIhMWIEemYvXfleYUXvw,3NabqAPM,https://europepmc.org/articles/PMC4109790/,CREB ,"xport, RNA-binding protein, ATF/",familyGo to:BackgroundMeiosis is,TextQuoteSelector,TextPositionSelector,11351,11356,MIS_GP,yes,[MIS_GP][ALL],,acct:vaishnavijpai@hypothes.is,Functional significance of nuclear export and mRNA binding of meiotic regulator Spo5 in fission yeast.,2019-08-23T09:26:15.721925+00:00
D0UNqMWBEemIlT8lX5tIGA,3NabqAPM,https://europepmc.org/articles/PMC4109790/,Atf21,"ily members, namely Pcr1, Atf1, ",", and Atf31, only the mRNA encod",TextQuoteSelector,TextPositionSelector,10818,10823,CRT_GP,yes,[CRT_GP][ALL],,acct:vaishnavijpai@hypothes.is,Functional significance of nuclear export and mRNA binding of meiotic regulator Spo5 in fission yeast.,2019-08-23T08:36:10.730672+00:00
Cx5LwMWDEem4NZMhvPxmvw,3NabqAPM,https://europepmc.org/articles/PMC4109790/,large T antigen, NLS sequence derived from SV40 , and GFP (Spo5–NLS–GFP) accumula,TextQuoteSelector,TextPositionSelector,25252,25267,CRT_GP,yes,[CRT_GP][ALL],,acct:vaishnavijpai@hypothes.is,Functional significance of nuclear export and mRNA binding of meiotic regulator Spo5 in fission yeast.,2019-08-23T08:50:22.758495+00:00
CjVr0sWBEemU42_aueQmDA,3NabqAPM,https://europepmc.org/articles/PMC4109790/,Atf1,"ur family members, namely Pcr1, ",", Atf21, and Atf31, only the mRN",TextQuoteSelector,TextPositionSelector,10812,10816,CRT_GP,yes,[CRT_GP][ALL],,acct:vaishnavijpai@hypothes.is,Functional significance of nuclear export and mRNA binding of meiotic regulator Spo5 in fission yeast.,2019-08-23T08:36:02.155777+00:00
CD1EPsWCEemMk1sp2R44ug,3NabqAPM,https://europepmc.org/articles/PMC4109790/, Drosophila,port. It was recently shown that, RAE1 plays an essential role in,TextQuoteSelector,TextPositionSelector,23085,23096,CRT_OG,no,CRT_OG,,acct:vaishnavijpai@hypothes.is,Functional significance of nuclear export and mRNA binding of meiotic regulator Spo5 in fission yeast.,2019-08-23T08:43:08.341226+00:00
BKbJKsWIEemqk1slSj3V2Q,3NabqAPM,https://europepmc.org/articles/PMC4109790/,ATF,"NA export, RNA-binding protein, ",/CREB familyGo to:BackgroundMeio,TextQuoteSelector,TextPositionSelector,11347,11350,MIS_GP,no,MIS_GP,,acct:vaishnavijpai@hypothes.is,Functional significance of nuclear export and mRNA binding of meiotic regulator Spo5 in fission yeast.,2019-08-23T09:25:59.297029+00:00
BGCstsWHEemeFIPBkGhBqQ,3NabqAPM,https://europepmc.org/articles/PMC4109790/,Pcr1,"the four family members, namely ",", Atf1, Atf21, and Atf31, only t",TextQuoteSelector,TextPositionSelector,10806,10810,MIS_GP,yes,[MIS_GP][ALL],,acct:vaishnavijpai@hypothes.is,Functional significance of nuclear export and mRNA binding of meiotic regulator Spo5 in fission yeast.,2019-08-23T09:18:49.438185+00:00
BA0besWKEemMulO_C0Ezhg,3NabqAPM,https://europepmc.org/articles/PMC4109790/,RNA-polymerase II,". Scale bar, 5 μm. (B) To block ",-dependent transcription of mRNA,TextQuoteSelector,TextPositionSelector,21204,21221,MIS_GP,no,MIS_GP,,acct:vaishnavijpai@hypothes.is,Functional significance of nuclear export and mRNA binding of meiotic regulator Spo5 in fission yeast.,2019-08-23T09:40:17.286128+00:00
AeSoYsWBEemVAyfFKxx68w,3NabqAPM,https://europepmc.org/articles/PMC4109790/,ATF,/cAMP response element binding (,/CREB) transcription factor fami,TextQuoteSelector,TextPositionSelector,10729,10732,CRT_GP,yes,[CRT_GP][ALL],,acct:vaishnavijpai@hypothes.is,Functional significance of nuclear export and mRNA binding of meiotic regulator Spo5 in fission yeast.,2019-08-23T08:35:48.185549+00:00
9v9xSMWAEemluRdfkHgemA,3NabqAPM,https://europepmc.org/articles/PMC4109790/,atb2,po5-GFP-kan cut11-4mRFP-hph CFP-,-nat ade6-M216 leu1 ura4Figure 1,TextQuoteSelector,TextPositionSelector,37515,37519,MIS_GP,yes,[MIS_GP][ALL],,acct:vaishnavijpai@hypothes.is,Functional significance of nuclear export and mRNA binding of meiotic regulator Spo5 in fission yeast.,2019-08-23T08:35:30.009319+00:00
8fsFhMWHEem2sZNbGt4ruQ,3NabqAPM,https://europepmc.org/articles/PMC4109790/,Xenopus,stored maternal mRNAs occurs in , oocytes during meiotic progress,TextQuoteSelector,TextPositionSelector,12170,12177,CRT_OG,no,CRT_OG,,acct:vaishnavijpai@hypothes.is,Functional significance of nuclear export and mRNA binding of meiotic regulator Spo5 in fission yeast.,2019-08-23T09:25:27.887095+00:00
8E3ulsWGEemrmb-KiF2e1Q,3NabqAPM,https://europepmc.org/articles/PMC4109790/,NT4, in this studyNo.GenotypeFigures,"h
90
spo5(S365P)-GFP-kan ade6-M2",TextQuoteSelector,TextPositionSelector,36808,36811,WT_GP,no,[WT_GP],,acct:vaishnavijpai@hypothes.is,Functional significance of nuclear export and mRNA binding of meiotic regulator Spo5 in fission yeast.,2019-08-23T09:18:15.649119+00:00
85HPKMWBEemK-999vjPmog,3NabqAPM,https://europepmc.org/articles/PMC4109790/,DNA polymerase,"ns to the product, using Ex Taq ", (Takara Bio; Japan) with 40 rou,TextQuoteSelector,TextPositionSelector,40929,40943,CRT_GP,no,CRT_GP,,acct:vaishnavijpai@hypothes.is,Functional significance of nuclear export and mRNA binding of meiotic regulator Spo5 in fission yeast.,2019-08-23T08:42:33.581777+00:00
7nzHHsWAEemMPvMIq9gG-g,3NabqAPM,https://europepmc.org/articles/PMC4109790/,atb2,5P)-GFP-kan cut11-4mRFP-hph CFP-,-nat ade6-M216 leu1 ura4Figure 1,TextQuoteSelector,TextPositionSelector,37228,37232,CRT_GP,no,CRT_GP,,acct:vaishnavijpai@hypothes.is,Functional significance of nuclear export and mRNA binding of meiotic regulator Spo5 in fission yeast.,2019-08-23T08:35:15.634833+00:00
5YL3YMWJEem4k-sw9MhugA,3NabqAPM,https://europepmc.org/articles/PMC4109790/,poly (A)-binding protein,nitored the localization of the ," (Pabp), which has been shown to",TextQuoteSelector,TextPositionSelector,22670,22694,MIS_GP,no,MIS_GP,,acct:vaishnavijpai@hypothes.is,Functional significance of nuclear export and mRNA binding of meiotic regulator Spo5 in fission yeast.,2019-08-23T09:39:26.113570+00:00
5WkLqsWBEemk9Wujm-FIzw,3NabqAPM,https://europepmc.org/articles/PMC4109790/,defects ,id not suppress the sporulation ,of Spo5(RRM1 ) (n>500). Error ba,TextQuoteSelector,TextPositionSelector,25829,25837,WT_DS,yes,[WT_DS][ALL],,acct:vaishnavijpai@hypothes.is,Functional significance of nuclear export and mRNA binding of meiotic regulator Spo5 in fission yeast.,2019-08-23T08:42:09.837921+00:00
5UXLisWHEemOG2dyk6eIrw,3NabqAPM,https://europepmc.org/articles/PMC4109790/,ura4,hph CFP-atb2-nat ade6-M216 leu1 ,"Figure 1CNT1648h
90
spo5::ura4
+",TextQuoteSelector,TextPositionSelector,39295,39299,MIS_GP,yes,[MIS_GP][ALL],,acct:vaishnavijpai@hypothes.is,Functional significance of nuclear export and mRNA binding of meiotic regulator Spo5 in fission yeast.,2019-08-23T09:25:06.776542+00:00
4QZftMWAEemW5VfCLw8atw,3NabqAPM,https://europepmc.org/articles/PMC4109790/,AMV,d using the TaKaRa RNA PCR kit (,", Ver 3.0; Takara bio).Other met",TextQuoteSelector,TextPositionSelector,45297,45300,WT_OG,no,[WT_OG],,acct:vaishnavijpai@hypothes.is,Functional significance of nuclear export and mRNA binding of meiotic regulator Spo5 in fission yeast.,2019-08-23T08:34:53.052359+00:00
2qIn2sWJEemLxe-JTbdPVw,3NabqAPM,https://europepmc.org/articles/PMC4109790/,Pabp," addition. Scale bar, 5 μm. (E) ",–GFP accumulated in the nucleus ,TextQuoteSelector,TextPositionSelector,21967,21971,MIS_GP,yes,[MIS_GP][ALL],,acct:vaishnavijpai@hypothes.is,Functional significance of nuclear export and mRNA binding of meiotic regulator Spo5 in fission yeast.,2019-08-23T09:39:07.786716+00:00
2b98esWHEemqIt_ZRo8YTA,3NabqAPM,https://europepmc.org/articles/PMC4109790/,ura4,5(S365P)-GFP-kan ade6-M216 leu1 ,"Figure 1D, Figure 4AB and Additi",TextQuoteSelector,TextPositionSelector,36851,36855,CRT_GP,yes,[CRT_GP][ALL],,acct:vaishnavijpai@hypothes.is,Functional significance of nuclear export and mRNA binding of meiotic regulator Spo5 in fission yeast.,2019-08-23T09:24:47.287771+00:00
-F6SmsWJEem4lGuw-Tw4AA,3NabqAPM,https://europepmc.org/articles/PMC4109790/,Rev,gnal (NES; ILPPLERLTL) of HIV-1 ," were used, respectively [42-44]",TextQuoteSelector,TextPositionSelector,35727,35730,MIS_GP,no,MIS_GP,,acct:vaishnavijpai@hypothes.is,Functional significance of nuclear export and mRNA binding of meiotic regulator Spo5 in fission yeast.,2019-08-23T09:39:57.786412+00:00
